5.765358570250702e-05
0.00014620543447643652
0.00018184781579610665
0.0011083078020754495
0.0016665283475789168
0.0019818896287891836
0.002350411826147178
0.002671099503580225
0.003275003348359154
0.010004000663291102
0.011697868109535483
0.014025288727157779
0.014354614912159714
0.014687862627206566
0.015503115855453938
0.01566462280497467
0.015996636896511766
0.01759801204892627
0.02131779448202318
0.025040760786594268
0.029681170751175573
0.03176042105361249
0.032676443585035304
0.034765683323408125
0.03733058168659579
0.03822082461988417
0.038501854697775215
0.043674770523481864
0.04463013719988013
0.04556245453694797
0.06028912831523429
0.060816757181557705
0.06878548578615849
0.07329354285138819
0.07364224055721301
0.08100232884753278
0.08150949031176424
0.08166104129022295
0.08760888987742331
0.08793775711948269
0.095348885073513
0.11582823066614799
0.11743177756775729
0.13855186552611426
0.13914351587488955
0.14464140962560754
0.14480730192000893
0.1507175512155034
0.1553429200396254
0.15976478078809284
0.1807212186595291
0.20135748227503208
0.20523609796697717
0.2121607430074616
0.21508179646136133
0.2170387478815156
0.21729618975176146
0.22492472892705387
0.2268209834462752
0.23992350825467945
0.26890998454928194
0.27334332306166464
0.27824414348591886
0.2788586206354514
0.2882427583282894
0.3117138323000044
0.3181649847990202
0.3444876730420149
0.3522828918783242
0.37855210236471076
0.3972946400681117
0.41534990094932167
0.43810258689401077
0.43832357231389824
0.4462960866194674
0.4845711068524756
0.4912161793378232
0.5234082212707976
0.5466102742978485
0.5543545001384991
0.5706329039973705
0.633302093604637
0.6445939945091778
0.6628431827958887
0.7233603186965007
0.7702715962223781
0.7883481820074081
0.8031650481739926
0.806417751837831
0.8431795469157876
0.8618698000494964
0.9218692714346692
0.9308143350231023
0.9457154547223076
1.0126152606883594
1.0519819659843246
1.0585520308519738
1.0760558161649536
1.1287162833736892
1.1330677056953236
1.177152387234937
1.2736446502775636
1.3019772034327923
1.3255691401229164
1.421475176606058
1.4934059528904895
1.5414743696388047
1.6171438193954508
1.7747634986580088
1.8575113818297075
1.863499911280093
2.003313966412418
2.2359497712352567
2.3805544824620544
2.456352633870401
2.4845575685182437
2.535436934149254
2.7789629432358813
2.862187314253648
2.8838058525912666
2.9398767680397353
3.050610329138504
3.1331607891941564
3.1683052853331395
3.193815353137674
3.2950032226566597
3.4832393528379537
3.625593697504575
3.6801948832681917
3.7209554022501425
3.76769614672028
3.8070205651330595
3.9540613530775732
4.003369639951668
4.0643040958762455
4.114277404952786
4.153950961406353
4.236245683506699
4.367239689581482
4.412481555640219
4.504890692998544
4.526053194878464
4.536290771458159
4.635353801927941
4.954971854346938
5.085178421647642
5.152519471116024
5.869271434538513
6.094087155024338
6.1041043385862235
6.171930136540771
7.485093770694481
8.106025598488085
18.625232622233522
