0.9966887417218544
0.9867549668874174
0.980132450331126
0.9735099337748345
0.9668874172185431
0.9635761589403975
0.9569536423841061
0.9536423841059604
0.9470198675496689
0.9437086092715232
0.9403973509933775
0.937086092715232
0.9337748344370862
0.9304635761589406
0.9238410596026491
0.9172185430463577
0.9139072847682119
0.9105960264900663
0.9006622516556292
0.8973509933774835
0.8940397350993377
0.8874172185430464
0.8841059602649006
0.8311258278145697
0.8278145695364238
0.8245033112582782
0.8112582781456955
0.8013245033112586
0.798013245033113
0.78476821192053
0.7814569536423844
0.7781456953642387
0.7649006622516559
0.7615894039735102
0.751655629139073
0.7483443708609275
0.7450331125827817
0.7384105960264904
0.7350993377483447
0.7284768211920533
0.7218543046357617
0.7185430463576161
0.7152317880794703
0.7086092715231792
0.7019867549668877
0.6754966887417221
0.6721854304635765
0.6688741721854308
0.665562913907285
0.6622516556291392
0.6589403973509935
0.655629139072848
0.6523178807947023
0.6490066225165566
0.6357615894039736
0.632450331125828
0.6225165562913909
0.6192052980132452
0.5960264900662253
0.5927152317880798
0.5894039735099341
0.5860927152317883
0.5827814569536426
0.5794701986754969
0.5695364238410597
0.566225165562914
0.5496688741721855
0.5397350993377485
0.5331125827814571
0.5298013245033114
0.52317880794702
0.5198675496688743
0.49668874172185434
0.49337748344370863
0.490066225165563
0.4834437086092716
0.4536423841059603
0.44039735099337757
0.4370860927152318
0.42052980132450335
0.41721854304635764
0.413907284768212
0.4105960264900662
0.40728476821192056
0.40066225165562913
0.3973509933774834
0.3940397350993377
0.3874172185430464
0.38079470198675497
0.37748344370860926
0.3741721854304636
0.3642384105960265
0.35430463576158944
0.35099337748344367
0.34105960264900664
0.3344370860927152
0.3245033112582782
0.3211920529801324
0.3178807947019868
0.3112582781456954
0.30463576158940403
0.30132450331125826
0.2913907284768212
0.28807947019867547
0.2814569536423841
0.2748344370860927
0.271523178807947
0.2682119205298013
0.26158940397350994
0.2582781456953642
0.25165562913907286
0.24834437086092714
0.23509933774834438
0.23178807947019867
0.22847682119205298
0.20529801324503308
0.2019867549668874
0.19867549668874174
0.18543046357615894
0.17880794701986755
0.17549668874172186
0.17218543046357618
0.16225165562913907
0.15894039735099336
0.15562913907284767
0.152317880794702
0.1490066225165563
0.1456953642384106
0.1423841059602649
0.1357615894039735
0.12582781456953643
0.11920529801324506
0.11589403973509936
0.11258278145695366
0.10927152317880796
0.10596026490066225
0.09602649006622517
0.09271523178807947
0.08609271523178808
0.0794701986754967
0.07615894039735101
0.06953642384105961
0.06622516556291391
0.06291390728476823
0.05960264900662252
0.052980132450331126
0.046357615894039736
0.036423841059602655
0.033112582781456956
0.029801324503311258
0.026490066225165563
0.019867549668874173
0.009933774834437087
0.006622516556291391
